MOrder =  4 ; Mterms = 126
Order  =  1 ; Nterms =   6
x0                              0                                 0.00000000000000E+000    0.00000000000000E+000
x1                              1                                 0.00000000000000E+000    0.00000000000000E+000
x2                              2                                 0.00000000000000E+000    0.00000000000000E+000
x3                              3                                 0.00000000000000E+000    0.00000000000000E+000
x4                              4                                 0.00000000000000E+000    0.00000000000000E+000
x5                              5                                -2.46056508500000E-010   -7.49466531630000E+000
Order  =  2 ; Nterms =  21
x0x0                            0 0                               0.00000000000000E+000    0.00000000000000E+000
x0x1                            0 1                               0.00000000000000E+000    0.00000000000000E+000
x0x2                            0 2                               0.00000000000000E+000    0.00000000000000E+000
x0x3                            0 3                               0.00000000000000E+000    0.00000000000000E+000
x0x4                            0 4                               0.00000000000000E+000    0.00000000000000E+000
x0x5                            0 5                               8.34499960158317E-001   -7.23807568654018E-001
x1x1                            1 1                               0.00000000000000E+000    0.00000000000000E+000
x1x2                            1 2                               0.00000000000000E+000    0.00000000000000E+000
x1x3                            1 3                               0.00000000000000E+000    0.00000000000000E+000
x1x4                            1 4                               0.00000000000000E+000    0.00000000000000E+000
x1x5                            1 5                               3.55079609712395E-015    8.12134157506019E-016
x2x2                            2 2                               0.00000000000000E+000    0.00000000000000E+000
x2x3                            2 3                               0.00000000000000E+000    0.00000000000000E+000
x2x4                            2 4                               0.00000000000000E+000    0.00000000000000E+000
x2x5                            2 5                               0.00000000000000E+000    0.00000000000000E+000
x3x3                            3 3                               0.00000000000000E+000    0.00000000000000E+000
x3x4                            3 4                               0.00000000000000E+000    0.00000000000000E+000
x3x5                            3 5                               0.00000000000000E+000    0.00000000000000E+000
x4x4                            4 4                               0.00000000000000E+000    0.00000000000000E+000
x4x5                            4 5                               0.00000000000000E+000    0.00000000000000E+000
x5x5                            5 5                               0.00000000000000E+000    0.00000000000000E+000
Order  =  3 ; Nterms =  56
x0x0x0                          0 0 0                             0.00000000000000E+000    0.00000000000000E+000
x0x0x1                          0 0 1                             0.00000000000000E+000    0.00000000000000E+000
x0x0x2                          0 0 2                             0.00000000000000E+000    0.00000000000000E+000
x0x0x3                          0 0 3                             0.00000000000000E+000    0.00000000000000E+000
x0x0x4                          0 0 4                             0.00000000000000E+000    0.00000000000000E+000
x0x0x5                          0 0 5                             3.24548712188922E-001   -2.30372068591075E-001
x0x1x1                          0 1 1                             0.00000000000000E+000    0.00000000000000E+000
x0x1x2                          0 1 2                             0.00000000000000E+000    0.00000000000000E+000
x0x1x3                          0 1 3                             0.00000000000000E+000    0.00000000000000E+000
x0x1x4                          0 1 4                             0.00000000000000E+000    0.00000000000000E+000
x0x1x5                          0 1 5                            -3.46554773685374E-003   -5.09823162389129E-004
x0x2x2                          0 2 2                             0.00000000000000E+000    0.00000000000000E+000
x0x2x3                          0 2 3                             0.00000000000000E+000    0.00000000000000E+000
x0x2x4                          0 2 4                             0.00000000000000E+000    0.00000000000000E+000
x0x2x5                          0 2 5                             0.00000000000000E+000    0.00000000000000E+000
x0x3x3                          0 3 3                             0.00000000000000E+000    0.00000000000000E+000
x0x3x4                          0 3 4                             0.00000000000000E+000    0.00000000000000E+000
x0x3x5                          0 3 5                             0.00000000000000E+000    0.00000000000000E+000
x0x4x4                          0 4 4                             0.00000000000000E+000    0.00000000000000E+000
x0x4x5                          0 4 5                             0.00000000000000E+000    0.00000000000000E+000
x0x5x5                          0 5 5                             0.00000000000000E+000    0.00000000000000E+000
x1x1x1                          1 1 1                             0.00000000000000E+000    0.00000000000000E+000
x1x1x2                          1 1 2                             0.00000000000000E+000    0.00000000000000E+000
x1x1x3                          1 1 3                             0.00000000000000E+000    0.00000000000000E+000
x1x1x4                          1 1 4                             0.00000000000000E+000    0.00000000000000E+000
x1x1x5                          1 1 5                             5.32595907988537E-011   -1.39747879387349E-010
x1x2x2                          1 2 2                             0.00000000000000E+000    0.00000000000000E+000
x1x2x3                          1 2 3                             0.00000000000000E+000    0.00000000000000E+000
x1x2x4                          1 2 4                             0.00000000000000E+000    0.00000000000000E+000
x1x2x5                          1 2 5                             0.00000000000000E+000    0.00000000000000E+000
x1x3x3                          1 3 3                             0.00000000000000E+000    0.00000000000000E+000
x1x3x4                          1 3 4                             0.00000000000000E+000    0.00000000000000E+000
x1x3x5                          1 3 5                             0.00000000000000E+000    0.00000000000000E+000
x1x4x4                          1 4 4                             0.00000000000000E+000    0.00000000000000E+000
x1x4x5                          1 4 5                             0.00000000000000E+000    0.00000000000000E+000
x1x5x5                          1 5 5                             0.00000000000000E+000    0.00000000000000E+000
x2x2x2                          2 2 2                             0.00000000000000E+000    0.00000000000000E+000
x2x2x3                          2 2 3                             0.00000000000000E+000    0.00000000000000E+000
x2x2x4                          2 2 4                             0.00000000000000E+000    0.00000000000000E+000
x2x2x5                          2 2 5                             0.00000000000000E+000    0.00000000000000E+000
x2x3x3                          2 3 3                             0.00000000000000E+000    0.00000000000000E+000
x2x3x4                          2 3 4                             0.00000000000000E+000    0.00000000000000E+000
x2x3x5                          2 3 5                            -1.55381519954023E+003    3.42635484802800E+002
x2x4x4                          2 4 4                             0.00000000000000E+000    0.00000000000000E+000
x2x4x5                          2 4 5                             0.00000000000000E+000    0.00000000000000E+000
x2x5x5                          2 5 5                             0.00000000000000E+000    0.00000000000000E+000
x3x3x3                          3 3 3                             0.00000000000000E+000    0.00000000000000E+000
x3x3x4                          3 3 4                             0.00000000000000E+000    0.00000000000000E+000
x3x3x5                          3 3 5                             0.00000000000000E+000    0.00000000000000E+000
x3x4x4                          3 4 4                             0.00000000000000E+000    0.00000000000000E+000
x3x4x5                          3 4 5                             0.00000000000000E+000    0.00000000000000E+000
x3x5x5                          3 5 5                             0.00000000000000E+000    0.00000000000000E+000
x4x4x4                          4 4 4                             0.00000000000000E+000    0.00000000000000E+000
x4x4x5                          4 4 5                             0.00000000000000E+000    0.00000000000000E+000
x4x5x5                          4 5 5                            -5.73226978540301E+002   -3.40042187280261E+002
x5x5x5                          5 5 5                             0.00000000000000E+000    0.00000000000000E+000
Order  =  4 ; Nterms = 126
x0x0x0x0                        0 0 0 0                           0.00000000000000E+000    0.00000000000000E+000
x0x0x0x1                        0 0 0 1                           0.00000000000000E+000    0.00000000000000E+000
x0x0x0x2                        0 0 0 2                           0.00000000000000E+000    0.00000000000000E+000
x0x0x0x3                        0 0 0 3                           0.00000000000000E+000    0.00000000000000E+000
x0x0x0x4                        0 0 0 4                           0.00000000000000E+000    0.00000000000000E+000
x0x0x0x5                        0 0 0 5                           1.97022865448695E-001   -1.32724517875445E-001
x0x0x1x1                        0 0 1 1                           0.00000000000000E+000    0.00000000000000E+000
x0x0x1x2                        0 0 1 2                           0.00000000000000E+000    0.00000000000000E+000
x0x0x1x3                        0 0 1 3                           0.00000000000000E+000    0.00000000000000E+000
x0x0x1x4                        0 0 1 4                           0.00000000000000E+000    0.00000000000000E+000
x0x0x1x5                        0 0 1 5                           3.01607460187421E-003   -4.68631695922120E-003
x0x0x2x2                        0 0 2 2                           0.00000000000000E+000    0.00000000000000E+000
x0x0x2x3                        0 0 2 3                           0.00000000000000E+000    0.00000000000000E+000
x0x0x2x4                        0 0 2 4                           0.00000000000000E+000    0.00000000000000E+000
x0x0x2x5                        0 0 2 5                           0.00000000000000E+000    0.00000000000000E+000
x0x0x3x3                        0 0 3 3                           0.00000000000000E+000    0.00000000000000E+000
x0x0x3x4                        0 0 3 4                           0.00000000000000E+000    0.00000000000000E+000
x0x0x3x5                        0 0 3 5                           0.00000000000000E+000    0.00000000000000E+000
x0x0x4x4                        0 0 4 4                           0.00000000000000E+000    0.00000000000000E+000
x0x0x4x5                        0 0 4 5                           0.00000000000000E+000    0.00000000000000E+000
x0x0x5x5                        0 0 5 5                           0.00000000000000E+000    0.00000000000000E+000
x0x1x1x1                        0 1 1 1                           0.00000000000000E+000    0.00000000000000E+000
x0x1x1x2                        0 1 1 2                           0.00000000000000E+000    0.00000000000000E+000
x0x1x1x3                        0 1 1 3                           0.00000000000000E+000    0.00000000000000E+000
x0x1x1x4                        0 1 1 4                           0.00000000000000E+000    0.00000000000000E+000
x0x1x1x5                        0 1 1 5                           5.54662899539803E-004    2.78450738151696E-004
x0x1x2x2                        0 1 2 2                           0.00000000000000E+000    0.00000000000000E+000
x0x1x2x3                        0 1 2 3                           0.00000000000000E+000    0.00000000000000E+000
x0x1x2x4                        0 1 2 4                           0.00000000000000E+000    0.00000000000000E+000
x0x1x2x5                        0 1 2 5                           0.00000000000000E+000    0.00000000000000E+000
x0x1x3x3                        0 1 3 3                           0.00000000000000E+000    0.00000000000000E+000
x0x1x3x4                        0 1 3 4                           0.00000000000000E+000    0.00000000000000E+000
x0x1x3x5                        0 1 3 5                           0.00000000000000E+000    0.00000000000000E+000
x0x1x4x4                        0 1 4 4                           0.00000000000000E+000    0.00000000000000E+000
x0x1x4x5                        0 1 4 5                           0.00000000000000E+000    0.00000000000000E+000
x0x1x5x5                        0 1 5 5                           0.00000000000000E+000    0.00000000000000E+000
x0x2x2x2                        0 2 2 2                           0.00000000000000E+000    0.00000000000000E+000
x0x2x2x3                        0 2 2 3                           0.00000000000000E+000    0.00000000000000E+000
x0x2x2x4                        0 2 2 4                           0.00000000000000E+000    0.00000000000000E+000
x0x2x2x5                        0 2 2 5                           0.00000000000000E+000    0.00000000000000E+000
x0x2x3x3                        0 2 3 3                           0.00000000000000E+000    0.00000000000000E+000
x0x2x3x4                        0 2 3 4                           0.00000000000000E+000    0.00000000000000E+000
x0x2x3x5                        0 2 3 5                           1.61735446365124E+004    4.08058808602865E+004
x0x2x4x4                        0 2 4 4                           0.00000000000000E+000    0.00000000000000E+000
x0x2x4x5                        0 2 4 5                           0.00000000000000E+000    0.00000000000000E+000
x0x2x5x5                        0 2 5 5                           0.00000000000000E+000    0.00000000000000E+000
x0x3x3x3                        0 3 3 3                           0.00000000000000E+000    0.00000000000000E+000
x0x3x3x4                        0 3 3 4                           0.00000000000000E+000    0.00000000000000E+000
x0x3x3x5                        0 3 3 5                           0.00000000000000E+000    0.00000000000000E+000
x0x3x4x4                        0 3 4 4                           0.00000000000000E+000    0.00000000000000E+000
x0x3x4x5                        0 3 4 5                           0.00000000000000E+000    0.00000000000000E+000
x0x3x5x5                        0 3 5 5                           0.00000000000000E+000    0.00000000000000E+000
x0x4x4x4                        0 4 4 4                           0.00000000000000E+000    0.00000000000000E+000
x0x4x4x5                        0 4 4 5                           0.00000000000000E+000    0.00000000000000E+000
x0x4x5x5                        0 4 5 5                           1.05304598877236E+004    2.67125019804436E+004
x0x5x5x5                        0 5 5 5                           0.00000000000000E+000    0.00000000000000E+000
x1x1x1x1                        1 1 1 1                           0.00000000000000E+000    0.00000000000000E+000
x1x1x1x2                        1 1 1 2                           0.00000000000000E+000    0.00000000000000E+000
x1x1x1x3                        1 1 1 3                           0.00000000000000E+000    0.00000000000000E+000
x1x1x1x4                        1 1 1 4                           0.00000000000000E+000    0.00000000000000E+000
x1x1x1x5                        1 1 1 5                          -6.23814338956434E-011   -9.74956479062313E-011
x1x1x2x2                        1 1 2 2                           0.00000000000000E+000    0.00000000000000E+000
x1x1x2x3                        1 1 2 3                           0.00000000000000E+000    0.00000000000000E+000
x1x1x2x4                        1 1 2 4                           0.00000000000000E+000    0.00000000000000E+000
x1x1x2x5                        1 1 2 5                           0.00000000000000E+000    0.00000000000000E+000
x1x1x3x3                        1 1 3 3                           0.00000000000000E+000    0.00000000000000E+000
x1x1x3x4                        1 1 3 4                           0.00000000000000E+000    0.00000000000000E+000
x1x1x3x5                        1 1 3 5                           0.00000000000000E+000    0.00000000000000E+000
x1x1x4x4                        1 1 4 4                           0.00000000000000E+000    0.00000000000000E+000
x1x1x4x5                        1 1 4 5                           0.00000000000000E+000    0.00000000000000E+000
x1x1x5x5                        1 1 5 5                           0.00000000000000E+000    0.00000000000000E+000
x1x2x2x2                        1 2 2 2                           0.00000000000000E+000    0.00000000000000E+000
x1x2x2x3                        1 2 2 3                           0.00000000000000E+000    0.00000000000000E+000
x1x2x2x4                        1 2 2 4                           0.00000000000000E+000    0.00000000000000E+000
x1x2x2x5                        1 2 2 5                           0.00000000000000E+000    0.00000000000000E+000
x1x2x3x3                        1 2 3 3                           0.00000000000000E+000    0.00000000000000E+000
x1x2x3x4                        1 2 3 4                           0.00000000000000E+000    0.00000000000000E+000
x1x2x3x5                        1 2 3 5                           9.83509415961210E+003    2.28052393928441E+004
x1x2x4x4                        1 2 4 4                           0.00000000000000E+000    0.00000000000000E+000
x1x2x4x5                        1 2 4 5                           0.00000000000000E+000    0.00000000000000E+000
x1x2x5x5                        1 2 5 5                           0.00000000000000E+000    0.00000000000000E+000
x1x3x3x3                        1 3 3 3                           0.00000000000000E+000    0.00000000000000E+000
x1x3x3x4                        1 3 3 4                           0.00000000000000E+000    0.00000000000000E+000
x1x3x3x5                        1 3 3 5                           0.00000000000000E+000    0.00000000000000E+000
x1x3x4x4                        1 3 4 4                           0.00000000000000E+000    0.00000000000000E+000
x1x3x4x5                        1 3 4 5                           0.00000000000000E+000    0.00000000000000E+000
x1x3x5x5                        1 3 5 5                           0.00000000000000E+000    0.00000000000000E+000
x1x4x4x4                        1 4 4 4                           0.00000000000000E+000    0.00000000000000E+000
x1x4x4x5                        1 4 4 5                           0.00000000000000E+000    0.00000000000000E+000
x1x4x5x5                        1 4 5 5                           5.48123917301716E-001   -6.19828093351970E-001
x1x5x5x5                        1 5 5 5                           0.00000000000000E+000    0.00000000000000E+000
x2x2x2x2                        2 2 2 2                           0.00000000000000E+000    0.00000000000000E+000
x2x2x2x3                        2 2 2 3                           0.00000000000000E+000    0.00000000000000E+000
x2x2x2x4                        2 2 2 4                           0.00000000000000E+000    0.00000000000000E+000
x2x2x2x5                        2 2 2 5                           0.00000000000000E+000    0.00000000000000E+000
x2x2x3x3                        2 2 3 3                           0.00000000000000E+000    0.00000000000000E+000
x2x2x3x4                        2 2 3 4                           0.00000000000000E+000    0.00000000000000E+000
x2x2x3x5                        2 2 3 5                           0.00000000000000E+000    0.00000000000000E+000
x2x2x4x4                        2 2 4 4                           0.00000000000000E+000    0.00000000000000E+000
x2x2x4x5                        2 2 4 5                           0.00000000000000E+000    0.00000000000000E+000
x2x2x5x5                        2 2 5 5                           0.00000000000000E+000    0.00000000000000E+000
x2x3x3x3                        2 3 3 3                           0.00000000000000E+000    0.00000000000000E+000
x2x3x3x4                        2 3 3 4                           0.00000000000000E+000    0.00000000000000E+000
x2x3x3x5                        2 3 3 5                           0.00000000000000E+000    0.00000000000000E+000
x2x3x4x4                        2 3 4 4                           0.00000000000000E+000    0.00000000000000E+000
x2x3x4x5                        2 3 4 5                           0.00000000000000E+000    0.00000000000000E+000
x2x3x5x5                        2 3 5 5                           0.00000000000000E+000    0.00000000000000E+000
x2x4x4x4                        2 4 4 4                           0.00000000000000E+000    0.00000000000000E+000
x2x4x4x5                        2 4 4 5                           0.00000000000000E+000    0.00000000000000E+000
x2x4x5x5                        2 4 5 5                           0.00000000000000E+000    0.00000000000000E+000
x2x5x5x5                        2 5 5 5                           0.00000000000000E+000    0.00000000000000E+000
x3x3x3x3                        3 3 3 3                           0.00000000000000E+000    0.00000000000000E+000
x3x3x3x4                        3 3 3 4                           0.00000000000000E+000    0.00000000000000E+000
x3x3x3x5                        3 3 3 5                           0.00000000000000E+000    0.00000000000000E+000
x3x3x4x4                        3 3 4 4                           0.00000000000000E+000    0.00000000000000E+000
x3x3x4x5                        3 3 4 5                           0.00000000000000E+000    0.00000000000000E+000
x3x3x5x5                        3 3 5 5                           0.00000000000000E+000    0.00000000000000E+000
x3x4x4x4                        3 4 4 4                           0.00000000000000E+000    0.00000000000000E+000
x3x4x4x5                        3 4 4 5                           0.00000000000000E+000    0.00000000000000E+000
x3x4x5x5                        3 4 5 5                           0.00000000000000E+000    0.00000000000000E+000
x3x5x5x5                        3 5 5 5                           0.00000000000000E+000    0.00000000000000E+000
x4x4x4x4                        4 4 4 4                           0.00000000000000E+000    0.00000000000000E+000
x4x4x4x5                        4 4 4 5                           0.00000000000000E+000    0.00000000000000E+000
x4x4x5x5                        4 4 5 5                           0.00000000000000E+000    0.00000000000000E+000
x4x5x5x5                        4 5 5 5                           0.00000000000000E+000    0.00000000000000E+000
x5x5x5x5                        5 5 5 5                           0.00000000000000E+000    0.00000000000000E+000
