MOrder =  3 ; Mterms =  56
Order  =  1 ; Nterms =   6
x0                              0                                 0.00000000000000E+000    0.00000000000000E+000
x1                              1                                 0.00000000000000E+000    0.00000000000000E+000
x2                              2                                 0.00000000000000E+000    0.00000000000000E+000
x3                              3                                -1.00000000000000E-010   -1.03070000750000E+001
x4                              4                                 0.00000000000000E+000    0.00000000000000E+000
x5                              5                                 0.00000000000000E+000    0.00000000000000E+000
Order  =  2 ; Nterms =  21
x0x0                            0 0                               0.00000000000000E+000    0.00000000000000E+000
x0x1                            0 1                               0.00000000000000E+000    0.00000000000000E+000
x0x2                            0 2                               0.00000000000000E+000    0.00000000000000E+000
x0x3                            0 3                               1.80144107744554E+000   -1.09572517504516E+000
x0x4                            0 4                               0.00000000000000E+000    0.00000000000000E+000
x0x5                            0 5                               0.00000000000000E+000    0.00000000000000E+000
x1x1                            1 1                               0.00000000000000E+000    0.00000000000000E+000
x1x2                            1 2                               0.00000000000000E+000    0.00000000000000E+000
x1x3                            1 3                               1.00000000000000E+000    1.94183092055708E-016
x1x4                            1 4                               0.00000000000000E+000    0.00000000000000E+000
x1x5                            1 5                               0.00000000000000E+000    0.00000000000000E+000
x2x2                            2 2                               0.00000000000000E+000    0.00000000000000E+000
x2x3                            2 3                               0.00000000000000E+000    0.00000000000000E+000
x2x4                            2 4                               0.00000000000000E+000    0.00000000000000E+000
x2x5                            2 5                               0.00000000000000E+000    0.00000000000000E+000
x3x3                            3 3                               0.00000000000000E+000    0.00000000000000E+000
x3x4                            3 4                               0.00000000000000E+000    0.00000000000000E+000
x3x5                            3 5                               0.00000000000000E+000    0.00000000000000E+000
x4x4                            4 4                               0.00000000000000E+000    0.00000000000000E+000
x4x5                            4 5                               0.00000000000000E+000    0.00000000000000E+000
x5x5                            5 5                               0.00000000000000E+000    0.00000000000000E+000
Order  =  3 ; Nterms =  56
x0x0x0                          0 0 0                             0.00000000000000E+000    0.00000000000000E+000
x0x0x1                          0 0 1                             0.00000000000000E+000    0.00000000000000E+000
x0x0x2                          0 0 2                             0.00000000000000E+000    0.00000000000000E+000
x0x0x3                          0 0 3                             6.31168441471384E-001   -3.95071610906280E-001
x0x0x4                          0 0 4                             0.00000000000000E+000    0.00000000000000E+000
x0x0x5                          0 0 5                             0.00000000000000E+000    0.00000000000000E+000
x0x1x1                          0 1 1                             0.00000000000000E+000    0.00000000000000E+000
x0x1x2                          0 1 2                             0.00000000000000E+000    0.00000000000000E+000
x0x1x3                          0 1 3                            -5.35627830245904E-003   -1.17239415935790E-003
x0x1x4                          0 1 4                             0.00000000000000E+000    0.00000000000000E+000
x0x1x5                          0 1 5                             0.00000000000000E+000    0.00000000000000E+000
x0x2x2                          0 2 2                             0.00000000000000E+000    0.00000000000000E+000
x0x2x3                          0 2 3                             0.00000000000000E+000    0.00000000000000E+000
x0x2x4                          0 2 4                             0.00000000000000E+000    0.00000000000000E+000
x0x2x5                          0 2 5                             0.00000000000000E+000    0.00000000000000E+000
x0x3x3                          0 3 3                             0.00000000000000E+000    0.00000000000000E+000
x0x3x4                          0 3 4                             0.00000000000000E+000    0.00000000000000E+000
x0x3x5                          0 3 5                             0.00000000000000E+000    0.00000000000000E+000
x0x4x4                          0 4 4                             0.00000000000000E+000    0.00000000000000E+000
x0x4x5                          0 4 5                             0.00000000000000E+000    0.00000000000000E+000
x0x5x5                          0 5 5                             0.00000000000000E+000    0.00000000000000E+000
x1x1x1                          1 1 1                             0.00000000000000E+000    0.00000000000000E+000
x1x1x2                          1 1 2                             0.00000000000000E+000    0.00000000000000E+000
x1x1x3                          1 1 3                             7.51085731118404E-011   -3.41750398950877E-011
x1x1x4                          1 1 4                             0.00000000000000E+000    0.00000000000000E+000
x1x1x5                          1 1 5                             0.00000000000000E+000    0.00000000000000E+000
x1x2x2                          1 2 2                             0.00000000000000E+000    0.00000000000000E+000
x1x2x3                          1 2 3                             0.00000000000000E+000    0.00000000000000E+000
x1x2x4                          1 2 4                             0.00000000000000E+000    0.00000000000000E+000
x1x2x5                          1 2 5                             0.00000000000000E+000    0.00000000000000E+000
x1x3x3                          1 3 3                             0.00000000000000E+000    0.00000000000000E+000
x1x3x4                          1 3 4                             0.00000000000000E+000    0.00000000000000E+000
x1x3x5                          1 3 5                             0.00000000000000E+000    0.00000000000000E+000
x1x4x4                          1 4 4                             0.00000000000000E+000    0.00000000000000E+000
x1x4x5                          1 4 5                             0.00000000000000E+000    0.00000000000000E+000
x1x5x5                          1 5 5                             0.00000000000000E+000    0.00000000000000E+000
x2x2x2                          2 2 2                             0.00000000000000E+000    0.00000000000000E+000
x2x2x3                          2 2 3                             0.00000000000000E+000    0.00000000000000E+000
x2x2x4                          2 2 4                             0.00000000000000E+000    0.00000000000000E+000
x2x2x5                          2 2 5                             0.00000000000000E+000    0.00000000000000E+000
x2x3x3                          2 3 3                            -7.51003965775841E+002    6.98701096053651E+000
x2x3x4                          2 3 4                             0.00000000000000E+000    0.00000000000000E+000
x2x3x5                          2 3 5                             0.00000000000000E+000    0.00000000000000E+000
x2x4x4                          2 4 4                             0.00000000000000E+000    0.00000000000000E+000
x2x4x5                          2 4 5                             0.00000000000000E+000    0.00000000000000E+000
x2x5x5                          2 5 5                             0.00000000000000E+000    0.00000000000000E+000
x3x3x3                          3 3 3                             0.00000000000000E+000    0.00000000000000E+000
x3x3x4                          3 3 4                             0.00000000000000E+000    0.00000000000000E+000
x3x3x5                          3 3 5                             0.00000000000000E+000    0.00000000000000E+000
x3x4x4                          3 4 4                             0.00000000000000E+000    0.00000000000000E+000
x3x4x5                          3 4 5                            -8.29397358500086E+002   -2.75202952764641E+002
x3x5x5                          3 5 5                             0.00000000000000E+000    0.00000000000000E+000
x4x4x4                          4 4 4                             0.00000000000000E+000    0.00000000000000E+000
x4x4x5                          4 4 5                             0.00000000000000E+000    0.00000000000000E+000
x4x5x5                          4 5 5                             0.00000000000000E+000    0.00000000000000E+000
x5x5x5                          5 5 5                             0.00000000000000E+000    0.00000000000000E+000
